9784797367577
9784798030937
9784774145365
9784881669167
9784798107950
9784894717305
9784899772873
9784881665831
9784800710222
9784797327922
9784797372786
9784797363289
9784863540590
9784774140926
9784822283155
9784822281656
9784797327038
9784320026926
9784774111421
9784797371260
9784797371253
9784797370898
9784797370898
9784798029139
9784798034188
9784798034751
9784774153247
9784048868709
9784798036236
9784798033143
9784798027449
9784774149721
9784798119861
9784797369144
9784797339536
9784797359275
9784798118062
9784798118079
9784774138626
9784798118543
9784774153926
9784798121512
9784883375417
9784863541085
9784797359510
9784798030807
9784797364477
9784797368352
9784798122304
9784798119762
9784798115771
9784798118444
9784822283582
9784873113173
9784873112848
9784894715172
9784798118932
9784844326717
9784844331124
9784877831622
9784877831622
9784822283490
9784873113654
9784797371857
9784774150208
9784798124704
9784797370997
9784797368543
9784774131757
9784797360288
9784798130644
9784816342073
9784881669983
9784797370980
9784797369458
9784797353662
9784798124230
9784798028125
9784798123363
9784798118505
9784798110127
9784844330806

9784897979205
9784797372489
9784274504280
9784798036892
9784798117317
9784844331278
9784797374773
9784774118253
9784774132457
9784774145532
9784816334894
9784816336553
9784798111872
9784798034553
9784774144283
9784774158785
9784893586988
9784320122918
9784798124087
9784797332452
9784798131924
9784883378722
9784798030982
9784798029504

9784797313253
9784048913911
9784844332763
9784797371055
9784822221102
9784822228255
9784800301895
9784565140029
9784839938499
9784062180610
9784844324829
9784797339543
9784844330868
9784798105604
9784274502323
9784774148311
9784798030241

9784774172484
9784774182865
9784774189871
9784297122072
9784297125394
9784297111090
9784297121198
9784297122874
9784297127893
9784774182421
9784774194332
9784297119607
9784297119607
9784297124359
9784297118112
9784297127053
9784297111878
9784774198514
9784297101725
9784297105334
9784774185781
9784802611848
9784798052588
9784297100209
9784297122249
9784320122963
9784297108434
9784873118451
9784297130008
9784774187808
9784839952228
9784839947590
9784800711380
9784822292270
9784797389456
9784797387605
9784873117584
9784774157368
9784774190396
9784774199436
9784297103248
9784297106577
9784797388268
9784774190648
9784774187594
9784797355727
9784844336389
9784839959715
9784764904651
9784774190396
9784774157368
9784774190648
9784839943486
